0
2
1.6
1.68
1.664
1.6672
1.66656
1.66669
1.66666
1.66667
1.66667
1.66667
1.66667
1.66667
1.66667
1.66667
1.66667
1.66667
1.66667
1.66667
1.66667
1.66667
1.66667
1.66667
1.66667
1.66667
1.66667
1.66667
1.66667
1.66667
1.66667
1.66667
1.66667
1.66667
1.66667
1.66667
1.66667
1.66667
1.66667
1.66667
1.66667
1.66667
1.66667
1.66667
1.66667
1.66667
1.66667
1.66667
1.66667
1.66667
1.66667
1.66667
1.66667
1.66667
1.66667
1.66667
1.66667
1.66667
1.66667
1.66667
1.66667
1.66667
1.66667
1.66667
1.66667
1.66667
1.66667
1.66667
1.66667
1.66667
1.66667
1.66667
1.66667
1.66667
1.66667
1.66667
1.66667
1.66667
1.66667
1.66667
1.66667
1.66667
1.66667
1.66667
1.66667
1.66667
1.66667
1.66667
1.66667
1.66667
1.66667
1.66667
1.66667
1.66667
1.66667
1.66667
1.66667
1.66667
1.66667
1.66667
1.66667
1.66667
1.66667
1.66667
1.66667
1.66667
1.66667
1.66667
1.66667
1.66667
1.66667
1.66667
1.66667
1.66667
1.66667
1.66667
1.66667
1.66667
1.66667
1.66667
1.66667
1.66667
1.66667
1.66667
1.66667
1.66667
1.66667
1.66667
1.66667
1.66667
1.66667
1.66667
1.66667
