513
4736
8125
11089
14154
17046
19980
22907
25824
28653
32796
35612
38329
41219
43951
46747
49454
52109
54898
57699
60482
63315
66072
69895
73126
75987
78812
81717
84565
87422
90333
93161
95950
98749
101514
104322
107107
110012
112778
115640
118502
122767
125668
128556
131510
134414
137303
140449
143371
146261
149217
152118
155002
157952
160767
163585
167761
170599
174800
181424
184198
186990
189945
192583
195227
198159
201224
204328
207158
209983
214351
217219
220082
223020
225956
228842
231740
234584
237387
240233
243150
245944
248768
251615
255724
258460
261224
264020
266759
269494
273738
276656
279520
282353
285285
288254
291148
294284
297233
300227
303056
306007
309005
311949
316118
318983
321770
324585
327379
330303
333134
335931
338735
341581
344496
347395
350355
353250
356137
359091
361993
364873
367829
370648
373513
376483
379405
383470
386510
389255
392184
395039
