0
2
0.4
1.68
0.656
1.4752
0.81984
1.34413
0.924698
1.26024
0.991806
1.20655
1.03476
1.1722
1.06224
1.1502
1.07984
1.13613
1.0911
1.12712
1.0983
1.12136
1.10291
1.11767
1.10586
1.11531
1.10775
1.1138
1.10896
1.11283
1.10974
1.11221
1.11023
1.11182
1.11055
1.11156
1.11075
1.1114
1.11088
1.1113
1.11096
1.11123
1.11102
1.11119
1.11105
1.11116
1.11107
1.11114
1.11109
1.11113
1.1111
1.11112
1.1111
1.11112
1.1111
1.11112
1.11111
1.11111
1.11111
1.11111
1.11111
1.11111
1.11111
1.11111
1.11111
1.11111
1.11111
1.11111
1.11111
1.11111
1.11111
1.11111
1.11111
1.11111
1.11111
1.11111
1.11111
1.11111
1.11111
1.11111
1.11111
1.11111
1.11111
1.11111
1.11111
1.11111
1.11111
1.11111
1.11111
1.11111
1.11111
1.11111
1.11111
1.11111
1.11111
1.11111
1.11111
1.11111
1.11111
1.11111
1.11111
1.11111
1.11111
1.11111
1.11111
1.11111
1.11111
1.11111
1.11111
1.11111
1.11111
1.11111
1.11111
1.11111
1.11111
1.11111
1.11111
1.11111
1.11111
1.11111
1.11111
1.11111
1.11111
1.11111
1.11111
1.11111
1.11111
1.11111
1.11111
1.11111
1.11111
1.11111
1.11111
