21820
28766
31656
35949
38722
41580
44365
47175
49959
52727
55651
58450
61225
64025
66810
69594
72372
75243
78039
80850
83634
86424
89284
92102
94880
97656
100461
104603
107312
110125
112881
115624
118400
121141
123870
126661
129403
132118
134841
137685
140433
143174
145938
148675
151417
154152
156978
159710
162440
165216
168025
172165
175022
177836
180623
183443
186244
189034
191934
194890
197944
201130
204321
207362
210329
213184
216133
219077
221964
224822
228858
231498
234146
236815
239468
242118
244773
249000
251784
254565
257361
260138
262905
265670
268508
271288
274078
276881
279652
282435
285208
288032
290798
294814
297600
300317
303026
305736
308479
311196
314048
316831
319553
322348
325127
327906
330614
333324
336110
338841
342846
345443
348062
350657
353250
355879
358484
361081
363695
366288
368899
371505
374162
376767
379347
381956
384558
387152
389757
392440
395031
397615
400218
402815
405412
408001
410650
413236
415826
418428
421018
425015
427664
430367
433044
435716
438379
441123
443790
446456
449140
451802
454454
457119
459946
462664
466684
469313
472053
474710
477398
480012
482610
485242
487853
490468
493081
495757
498368
500977
503608
506216
508819
511411
514086
516693
519290
521921
524535
527141
529750
532410
535013
537622
540245
542861
545486
548092
550696
553355
555988
558602
561210
563898
566558
569132
571830
574552
577279
580030
582637
585318
588066
590807
593520
596247
599029
601743
604384
608314
610964
613641
616296
618952
621609
624355
627093
629841
632514
635173
637829
640498
643158
645815
648477
651225
653875
657908
660505
663098
665723
668324
670911
673492
676093
678682
681343
683946
686651
689250
691840
694416
697022
699679
702381
705065
707751
710445
713039
715628
718245
720940
723517
726100
728699
731388
733966
736564
739259
741837
744464
747194
749870
752545
755289
758002
760690
763447
766197
768816
771447
774237
776927
779801
782581
785403
788123
790751
793346
795942
798534
801121
803761
806504
809113
811710
814314
816929
819531
822115
824702
827382
829974
832565
835158
837825
840536
843279
845970
848604
851395
854078
856674
859256
861842
864480
867086
869688
872354
874947
877545
880210
882842
885409
888000
890615
893200
895808
898408
900999
903585
906256
908848
911429
914007
916705
919296
921932
924528
927123
931110
933849
936507
939165
941839
944500
947152
949795
952482
955138
957790
960469
963138
965790
968441
972482
975075
977664
980253
982921
985514
988104
990757
993387
995986
998586
1001271
1003923
1006513
1009114
1011701
1014268
1016848
1019494
1022081
1024669
1027256
1031354
1033986
1036612
1039265
1041900
1044530
1047243
1049880
1052517
1055176
1057826
1060466
1063102
1065832
1069778
1072421
1075025
1077607
1080186
1082806
1085388
1087954
1090581
1093182
1095763
1098361
1100932
1103507
1106078
1108781
1111574
1114278
1116905
1119660
1122384
1125176
1127956
1130632
1133336
1136103
1138725
1141296
1143869
1146499
1150512
1153159
1155796
1158428
1161145
1163770
1166403
1169171
1171813
1174504
1177227
1179861
1182542
1185323
1188117
1190887
1193547
1196211
1200290
1202859
1205433
1208037
1210623
1213194
1215772
1218485
1221221
1223875
1226547
1229119
1231693
1234270
1236889
1239471
1242059
1244703
1247300
1249884
1252462
1255066
1259061
1261770
1264560
1267198
1269956
1272718
1275461
1278367
1281081
1283848
1286557
1289251
1292023
1294839
1298888
1301593
1304305
1307006
1309664
1312246
1314820
1317420
1319994
1322565
1325138
1327797
1331790
1334451
1337096
1339739
1342367
1345065
1347705
1350334
1352987
1355627
1358259
1360889
1363615
1366255
1368892
1371552
1375501
1378077
1380657
1383289
1385863
1388438
1391084
1393695
1396270
1398855
1401468
1404117
1406692
1409262
1411910
1414521
1417097
1419672
1422276
